torch:
[[[-3.01710516e-01  2.55874604e-01  3.15226316e-01 -2.38077641e-01
   -1.01779200e-01  1.81362778e-01  3.23142201e-01 -3.05603892e-01
   -1.36148900e-01 -1.97195828e-01  3.40296656e-01  7.54213631e-02
   -1.20326556e-01 -2.91694701e-01 -1.87488690e-01  6.29671365e-02
    3.28096151e-01 -3.49919260e-01 -1.27641726e-02 -8.69746953e-02]
  [ 3.09435427e-01 -3.25700819e-01  3.47089320e-01 -1.66158810e-01
    2.94709861e-01  3.47284377e-01  1.44302085e-01  2.05846041e-01
   -3.16208005e-02 -3.95755544e-02 -9.17862654e-02  3.70745994e-02
   -2.56185234e-01  3.28305006e-01 -1.06103048e-01  9.77205038e-02
   -7.28137344e-02 -8.56420174e-02 -1.18811121e-02 -6.82077184e-02]
  [ 1.15635186e-01 -1.29298180e-01  1.37248471e-01 -1.31438017e-01
   -7.38058751e-03  3.92587334e-02 -2.66482770e-01  2.73018479e-01
   -2.05248654e-01  2.43812352e-02 -1.66155264e-01 -8.46364349e-02
    2.73465186e-01 -3.37257594e-01  2.31474236e-01 -2.32893065e-01
    1.32806525e-01  2.00819910e-01 -2.27800176e-01  2.79772580e-01]
  [ 2.87321299e-01  2.70101018e-02 -1.99071571e-01 -1.75145224e-01
    3.36453348e-01 -3.51718813e-01 -7.74957463e-02 -2.08905101e-01
   -3.10648143e-01 -1.53920293e-01  1.65777668e-01  2.15150386e-01
    3.62528637e-02 -1.31742910e-01 -1.73805165e-03 -1.05508856e-01
   -8.17834735e-02  1.65978505e-03 -6.60444051e-02  3.44018936e-01]
  [-2.26291478e-01 -1.18692644e-01 -3.13148856e-01 -2.72838712e-01
   -2.29569033e-01 -1.77932188e-01  3.01614970e-01  1.99416503e-01
    1.73857987e-01  1.54828250e-01  6.71218056e-03 -6.97416533e-03
    1.05307654e-01 -1.36327058e-01 -3.24742585e-01  2.33192861e-01
   -1.05203673e-01  2.65347697e-02  1.38625160e-01 -3.34913850e-01]
  [ 2.06698596e-01  3.92867625e-03 -2.42798299e-01 -3.50870639e-01
    2.06808690e-02  1.14189759e-01  1.99456379e-01 -3.30774277e-01
   -2.53834367e-01 -2.66980022e-01  2.72908121e-01 -2.41922066e-01
    3.19955170e-01 -1.32216901e-01 -3.17850381e-01 -3.33829671e-01
    1.15281157e-01  2.77080923e-01  1.47560924e-01  3.32246244e-01]
  [-4.55051512e-02  8.80535319e-02  3.17828149e-01 -3.07523072e-01
    2.47167572e-01 -1.21939637e-01  1.48162609e-02  1.67138383e-01
    2.72102445e-01  3.63564603e-02  2.31413171e-02  2.67082810e-01
    1.99282482e-01  3.39780539e-01  2.11730674e-01  6.98763952e-02
   -1.82205915e-01 -1.06877200e-01  2.54349917e-01  1.55757263e-01]
  [-3.01710516e-01  2.55874604e-01  3.15226316e-01 -2.38077641e-01
   -1.01779200e-01  1.81362778e-01  3.23142201e-01 -3.05603892e-01
   -1.36148900e-01 -1.97195828e-01  3.40296656e-01  7.54213631e-02
   -1.20326556e-01 -2.91694701e-01 -1.87488690e-01  6.29671365e-02
    3.28096151e-01 -3.49919260e-01 -1.27641726e-02 -8.69746953e-02]
  [ 1.15635186e-01 -1.29298180e-01  1.37248471e-01 -1.31438017e-01
   -7.38058751e-03  3.92587334e-02 -2.66482770e-01  2.73018479e-01
   -2.05248654e-01  2.43812352e-02 -1.66155264e-01 -8.46364349e-02
    2.73465186e-01 -3.37257594e-01  2.31474236e-01 -2.32893065e-01
    1.32806525e-01  2.00819910e-01 -2.27800176e-01  2.79772580e-01]
  [ 3.04338932e-01 -2.82116294e-01  3.24546576e-01  2.13600650e-01
   -5.24264649e-02  1.26805276e-01 -1.29144132e-01  7.68337026e-03
    2.11918011e-01 -1.05481930e-01 -3.40357333e-01 -1.83789417e-01
    1.91129550e-01  2.20330447e-01 -5.62070345e-04 -1.07471257e-01
    2.45636716e-01 -3.49302083e-01 -1.04601607e-01 -2.43455786e-02]]

 [[-3.43171865e-01 -1.29138485e-01 -3.49130481e-01 -3.13298225e-01
    3.25944215e-01  1.71697959e-01  2.11581260e-01 -1.01915799e-01
    7.29812682e-02 -2.97531962e-01  2.91546464e-01 -1.73090100e-01
   -6.86573014e-02  2.59014547e-01  1.26956463e-01  3.37024271e-01
    2.71918178e-01  3.05697650e-01 -5.23428023e-02 -5.43222297e-03]
  [ 1.15635186e-01 -1.29298180e-01  1.37248471e-01 -1.31438017e-01
   -7.38058751e-03  3.92587334e-02 -2.66482770e-01  2.73018479e-01
   -2.05248654e-01  2.43812352e-02 -1.66155264e-01 -8.46364349e-02
    2.73465186e-01 -3.37257594e-01  2.31474236e-01 -2.32893065e-01
    1.32806525e-01  2.00819910e-01 -2.27800176e-01  2.79772580e-01]
  [ 2.87321299e-01  2.70101018e-02 -1.99071571e-01 -1.75145224e-01
    3.36453348e-01 -3.51718813e-01 -7.74957463e-02 -2.08905101e-01
   -3.10648143e-01 -1.53920293e-01  1.65777668e-01  2.15150386e-01
    3.62528637e-02 -1.31742910e-01 -1.73805165e-03 -1.05508856e-01
   -8.17834735e-02  1.65978505e-03 -6.60444051e-02  3.44018936e-01]
  [-3.43171865e-01 -1.29138485e-01 -3.49130481e-01 -3.13298225e-01
    3.25944215e-01  1.71697959e-01  2.11581260e-01 -1.01915799e-01
    7.29812682e-02 -2.97531962e-01  2.91546464e-01 -1.73090100e-01
   -6.86573014e-02  2.59014547e-01  1.26956463e-01  3.37024271e-01
    2.71918178e-01  3.05697650e-01 -5.23428023e-02 -5.43222297e-03]
  [ 1.15635186e-01 -1.29298180e-01  1.37248471e-01 -1.31438017e-01
   -7.38058751e-03  3.92587334e-02 -2.66482770e-01  2.73018479e-01
   -2.05248654e-01  2.43812352e-02 -1.66155264e-01 -8.46364349e-02
    2.73465186e-01 -3.37257594e-01  2.31474236e-01 -2.32893065e-01
    1.32806525e-01  2.00819910e-01 -2.27800176e-01  2.79772580e-01]
  [ 1.15635186e-01 -1.29298180e-01  1.37248471e-01 -1.31438017e-01
   -7.38058751e-03  3.92587334e-02 -2.66482770e-01  2.73018479e-01
   -2.05248654e-01  2.43812352e-02 -1.66155264e-01 -8.46364349e-02
    2.73465186e-01 -3.37257594e-01  2.31474236e-01 -2.32893065e-01
    1.32806525e-01  2.00819910e-01 -2.27800176e-01  2.79772580e-01]
  [-1.55991465e-01 -2.52526879e-01 -3.08797449e-01 -2.64693499e-01
    3.05564646e-02  1.08676068e-02 -3.07284653e-01  2.33033463e-01
    9.68494117e-02 -1.19726509e-01 -5.75851947e-02  3.28232735e-01
    5.62921315e-02 -1.93676814e-01 -2.29164213e-01 -3.27547967e-01
    1.97568446e-01 -3.12235147e-01  2.86374807e-01 -2.15716586e-01]
  [-4.55051512e-02  8.80535319e-02  3.17828149e-01 -3.07523072e-01
    2.47167572e-01 -1.21939637e-01  1.48162609e-02  1.67138383e-01
    2.72102445e-01  3.63564603e-02  2.31413171e-02  2.67082810e-01
    1.99282482e-01  3.39780539e-01  2.11730674e-01  6.98763952e-02
   -1.82205915e-01 -1.06877200e-01  2.54349917e-01  1.55757263e-01]
  [ 3.09435427e-01 -3.25700819e-01  3.47089320e-01 -1.66158810e-01
    2.94709861e-01  3.47284377e-01  1.44302085e-01  2.05846041e-01
   -3.16208005e-02 -3.95755544e-02 -9.17862654e-02  3.70745994e-02
   -2.56185234e-01  3.28305006e-01 -1.06103048e-01  9.77205038e-02
   -7.28137344e-02 -8.56420174e-02 -1.18811121e-02 -6.82077184e-02]
  [-3.10611814e-01  2.78672129e-01  2.11720437e-01  2.65175968e-01
   -2.07735360e-01 -3.04438062e-02 -2.81007409e-01 -3.25569510e-01
    2.03790888e-01  1.17605761e-01  3.06552649e-01 -9.45556089e-02
    1.49110362e-01 -1.96727067e-01 -8.88636336e-02  9.34266672e-02
    2.51121849e-01 -3.14676553e-01 -2.41168767e-01 -3.27672213e-01]]

 [[ 2.77004004e-01 -3.41422975e-01 -6.73171580e-02  1.84261382e-01
    2.87093252e-01  3.18366326e-02 -3.85262221e-02 -1.30248845e-01
    9.73909572e-02  7.67830461e-02 -3.38036925e-01 -2.30092540e-01
    4.70024608e-02  2.16056958e-01  9.71835107e-02  2.84851156e-02
   -1.64692730e-01 -2.90090352e-01  2.23094478e-01  3.19238394e-01]
  [-8.23142678e-02 -1.75263453e-03 -1.60522968e-01 -2.57672220e-01
   -1.12648912e-01 -3.11298966e-01 -4.30261157e-02  1.89888075e-01
    1.66535094e-01  5.30397007e-03 -1.93937168e-01  4.16474491e-02
   -7.90173281e-03 -7.68887028e-02 -2.72380747e-02 -1.29206434e-01
   -3.24526310e-01 -3.14081669e-01  2.89096445e-01 -2.96047419e-01]
  [ 3.27209383e-01 -5.11394665e-02 -2.89803326e-01  1.96248323e-01
   -1.60944059e-01 -3.42462242e-01  3.70344333e-02  8.40101317e-02
   -9.89804789e-02 -3.05703431e-01  2.43579313e-01  2.80235648e-01
   -2.43627027e-01 -3.28163534e-01 -1.97002128e-01  2.89750546e-01
    1.11280240e-01  3.52236956e-01 -2.77192414e-01 -1.14301533e-01]
  [-3.43171865e-01 -1.29138485e-01 -3.49130481e-01 -3.13298225e-01
    3.25944215e-01  1.71697959e-01  2.11581260e-01 -1.01915799e-01
    7.29812682e-02 -2.97531962e-01  2.91546464e-01 -1.73090100e-01
   -6.86573014e-02  2.59014547e-01  1.26956463e-01  3.37024271e-01
    2.71918178e-01  3.05697650e-01 -5.23428023e-02 -5.43222297e-03]
  [ 3.04338932e-01 -2.82116294e-01  3.24546576e-01  2.13600650e-01
   -5.24264649e-02  1.26805276e-01 -1.29144132e-01  7.68337026e-03
    2.11918011e-01 -1.05481930e-01 -3.40357333e-01 -1.83789417e-01
    1.91129550e-01  2.20330447e-01 -5.62070345e-04 -1.07471257e-01
    2.45636716e-01 -3.49302083e-01 -1.04601607e-01 -2.43455786e-02]
  [ 3.01430762e-01  5.70775382e-02  1.92885682e-01 -2.70407379e-01
   -3.37977350e-01 -2.54464656e-01  2.44989842e-01  3.37802023e-01
    1.16617590e-01 -1.03147164e-01 -1.14266723e-01  4.89316061e-02
   -1.58406898e-01 -3.50511402e-01 -9.11375042e-03 -1.78158849e-01
    1.15331434e-01 -2.28172496e-01  9.89617705e-02 -1.93984911e-01]
  [ 3.27209383e-01 -5.11394665e-02 -2.89803326e-01  1.96248323e-01
   -1.60944059e-01 -3.42462242e-01  3.70344333e-02  8.40101317e-02
   -9.89804789e-02 -3.05703431e-01  2.43579313e-01  2.80235648e-01
   -2.43627027e-01 -3.28163534e-01 -1.97002128e-01  2.89750546e-01
    1.11280240e-01  3.52236956e-01 -2.77192414e-01 -1.14301533e-01]
  [ 3.38977307e-01 -2.29020920e-02 -2.88013697e-01 -2.26026759e-01
    1.63824841e-01  2.75037676e-01 -2.96732277e-01 -5.82523793e-02
   -2.06075281e-01  1.37667373e-01  4.46316563e-02 -1.26102775e-01
   -1.68392465e-01  5.90514839e-02  1.76519766e-01  1.07829213e-01
    1.36212379e-01  2.26041973e-01  2.43142262e-01 -3.46373826e-01]
  [-2.32459724e-01  3.18663418e-01 -1.05628639e-01 -3.23886901e-01
    1.64022341e-01 -2.69824594e-01  1.85782462e-01 -4.37576994e-02
   -2.75505930e-01 -8.67951959e-02 -1.86553337e-02 -8.06821287e-02
    1.76381275e-01 -1.71158269e-01 -1.62810490e-01 -3.50973547e-01
    1.35692701e-01 -1.41541168e-01 -1.00076593e-01  1.40228212e-01]
  [-3.01710516e-01  2.55874604e-01  3.15226316e-01 -2.38077641e-01
   -1.01779200e-01  1.81362778e-01  3.23142201e-01 -3.05603892e-01
   -1.36148900e-01 -1.97195828e-01  3.40296656e-01  7.54213631e-02
   -1.20326556e-01 -2.91694701e-01 -1.87488690e-01  6.29671365e-02
    3.28096151e-01 -3.49919260e-01 -1.27641726e-02 -8.69746953e-02]]

 [[ 3.13617527e-01 -7.75624206e-03 -3.32738832e-02  1.25308856e-01
    1.83563054e-01 -2.60121971e-01  1.05417572e-01 -3.18171322e-01
    3.41785610e-01  2.20140949e-01 -9.62305665e-02  1.08661316e-01
   -3.21328968e-01 -3.69993672e-02  5.24855964e-02 -2.36705631e-01
   -2.31439713e-02  7.72175789e-02 -2.92396963e-01  1.97135895e-01]
  [-3.01710516e-01  2.55874604e-01  3.15226316e-01 -2.38077641e-01
   -1.01779200e-01  1.81362778e-01  3.23142201e-01 -3.05603892e-01
   -1.36148900e-01 -1.97195828e-01  3.40296656e-01  7.54213631e-02
   -1.20326556e-01 -2.91694701e-01 -1.87488690e-01  6.29671365e-02
    3.28096151e-01 -3.49919260e-01 -1.27641726e-02 -8.69746953e-02]
  [ 3.09435427e-01 -3.25700819e-01  3.47089320e-01 -1.66158810e-01
    2.94709861e-01  3.47284377e-01  1.44302085e-01  2.05846041e-01
   -3.16208005e-02 -3.95755544e-02 -9.17862654e-02  3.70745994e-02
   -2.56185234e-01  3.28305006e-01 -1.06103048e-01  9.77205038e-02
   -7.28137344e-02 -8.56420174e-02 -1.18811121e-02 -6.82077184e-02]
  [ 3.05494547e-01  2.83388078e-01 -2.47230962e-01  3.52625817e-01
    3.24018270e-01 -1.63930669e-01 -1.34399801e-01 -1.68060213e-01
   -3.88008095e-02  2.19226703e-01 -9.06466171e-02  2.04332635e-01
    5.20042777e-02  7.35381991e-02 -1.64887324e-01  1.37855470e-01
   -3.59229371e-02 -2.94491559e-01 -2.72107422e-01 -2.53174007e-01]
  [-8.23142678e-02 -1.75263453e-03 -1.60522968e-01 -2.57672220e-01
   -1.12648912e-01 -3.11298966e-01 -4.30261157e-02  1.89888075e-01
    1.66535094e-01  5.30397007e-03 -1.93937168e-01  4.16474491e-02
   -7.90173281e-03 -7.68887028e-02 -2.72380747e-02 -1.29206434e-01
   -3.24526310e-01 -3.14081669e-01  2.89096445e-01 -2.96047419e-01]
  [ 1.15635186e-01 -1.29298180e-01  1.37248471e-01 -1.31438017e-01
   -7.38058751e-03  3.92587334e-02 -2.66482770e-01  2.73018479e-01
   -2.05248654e-01  2.43812352e-02 -1.66155264e-01 -8.46364349e-02
    2.73465186e-01 -3.37257594e-01  2.31474236e-01 -2.32893065e-01
    1.32806525e-01  2.00819910e-01 -2.27800176e-01  2.79772580e-01]
  [ 2.77004004e-01 -3.41422975e-01 -6.73171580e-02  1.84261382e-01
    2.87093252e-01  3.18366326e-02 -3.85262221e-02 -1.30248845e-01
    9.73909572e-02  7.67830461e-02 -3.38036925e-01 -2.30092540e-01
    4.70024608e-02  2.16056958e-01  9.71835107e-02  2.84851156e-02
   -1.64692730e-01 -2.90090352e-01  2.23094478e-01  3.19238394e-01]
  [-2.09389925e-01  2.43378580e-01  2.49416232e-01 -1.47750415e-02
   -1.88337406e-03  3.23496282e-01  1.65173493e-04 -3.38692479e-02
   -1.98738068e-01  1.94450468e-01 -1.61648244e-01 -1.77986138e-02
   -4.96089458e-02 -2.56475568e-01  1.74700111e-01 -9.62198228e-02
   -2.11687014e-01 -1.72960415e-01 -2.72413671e-01 -5.54614589e-02]
  [-8.01502839e-02  1.48581669e-01  2.04655603e-01  6.93045929e-02
    2.75041312e-01 -9.64025706e-02 -2.33938992e-01 -2.82049865e-01
    3.12787741e-01 -7.65993223e-02  2.27484494e-01 -5.06780855e-02
   -2.53216028e-01  2.64601499e-01  7.23038018e-02 -8.76786783e-02
   -1.94642663e-01 -9.02167633e-02 -2.68166691e-01  1.36346489e-01]
  [-8.23142678e-02 -1.75263453e-03 -1.60522968e-01 -2.57672220e-01
   -1.12648912e-01 -3.11298966e-01 -4.30261157e-02  1.89888075e-01
    1.66535094e-01  5.30397007e-03 -1.93937168e-01  4.16474491e-02
   -7.90173281e-03 -7.68887028e-02 -2.72380747e-02 -1.29206434e-01
   -3.24526310e-01 -3.14081669e-01  2.89096445e-01 -2.96047419e-01]]]